Ratio_Missing:	nsam[0]:	Eff_length1_pop_outg[0]:	Eff_length2_pop_outg[0]:	Eff_length3_pop_outg[0]:	S[0]:	Theta(Wat)[0]:	Theta(Taj)[0]:	Theta(Fu&Li)[0]:	Theta(Fay&Wu)[0]:	Theta(Zeng)[0]:	Theta(Achaz,Wat)[0]:	Theta(Achaz,Taj)[0]:	Theta/nt(Taj)HKY[0]:	Divergence[0]:	Divergence/nt_HKY[0]:	TajimaD[0]:	Fu&LiD[0]:	Fu&LiF[0]:	Fay&WunormH[0]:	ZengE[0]:	AchazY[0]:	FerrettiL[0]:	
NA	100	100000.00	100000.00	100000.00	1345	259.784031	278.834141	224.000000	219.206263	249.020202	268.350178	279.953206	NA	NA	NA	0.249991	0.427957	0.393227	0.393918	-0.130896	0.162829	0.293045	
NA	100	100000.00	100000.00	100000.00	1499	289.528819	275.287273	326.000000	244.470303	259.878788	280.798179	274.252319	NA	NA	NA	-0.167740	-0.391954	-0.326589	0.182733	-0.323711	-0.087798	0.292126	
NA	100	100000.00	100000.00	100000.00	1501	289.915115	290.768485	228.000000	304.463838	297.616162	304.736643	292.049474	NA	NA	NA	0.010038	0.664524	0.403693	-0.081101	0.083967	-0.156832	-0.094198	
NA	100	100000.00	100000.00	100000.00	1394	269.248282	245.485657	265.000000	275.888081	260.686869	270.265255	245.087405	NA	NA	NA	-0.300903	0.049046	-0.135062	-0.193810	-0.100474	-0.350831	-0.046274	
NA	100	100000.00	100000.00	100000.00	1634	315.603796	303.900606	358.000000	251.048889	277.474747	305.454797	302.796537	NA	NA	NA	-0.126481	-0.418442	-0.319812	0.287571	-0.382049	-0.032783	0.384094	
NA	100	100000.00	100000.00	100000.00	1389	268.282542	279.568485	276.000000	240.552727	260.060606	266.435101	279.641311	NA	NA	NA	0.143425	-0.089414	0.024786	0.249611	-0.096835	0.186655	0.193947	
NA	100	100000.00	100000.00	100000.00	1407	271.759205	268.525657	320.000000	286.666263	277.595960	260.211100	267.475160	NA	NA	NA	-0.040569	-0.551867	-0.352997	-0.114578	0.067868	0.105119	-0.102935	
NA	100	100000.00	100000.00	100000.00	1617	312.320281	293.509697	292.000000	278.510505	286.010101	317.184644	293.540507	NA	NA	NA	-0.205426	0.202640	0.009018	0.082468	-0.266384	-0.280831	0.203270	
NA	100	100000.00	100000.00	100000.00	1792	346.121177	321.532929	343.000000	293.416566	307.474747	346.868339	321.094826	NA	NA	NA	-0.242357	0.028119	-0.115785	0.139529	-0.353236	-0.279978	0.286043	
NA	100	100000.00	100000.00	100000.00	1562	301.697142	281.841414	363.000000	260.077778	270.959596	287.022180	280.185116	NA	NA	NA	-0.224456	-0.632583	-0.501730	0.123861	-0.322115	-0.089720	0.258994	
NA	100	100000.00	100000.00	100000.00	1564	302.083438	290.173535	341.000000	290.897172	290.535354	292.767411	289.136261	NA	NA	NA	-0.134462	-0.401072	-0.313815	-0.004113	-0.120864	-0.046717	0.069523	
NA	100	100000.00	100000.00	100000.00	1786	344.962289	324.852121	392.000000	267.067071	295.959596	333.702184	323.481756	NA	NA	NA	-0.198883	-0.425180	-0.363379	0.287723	-0.449392	-0.115396	0.424175	
NA	100	100000.00	100000.00	100000.00	1525	294.550667	297.278384	285.000000	236.580202	266.929293	296.836950	297.528963	NA	NA	NA	0.031581	0.100913	0.077734	0.353800	-0.296447	0.008781	0.369459	
NA	100	100000.00	100000.00	100000.00	1486	287.017896	291.432525	317.000000	259.011919	275.222222	279.840640	290.910740	NA	NA	NA	0.052450	-0.324998	-0.166084	0.193919	-0.129903	0.148987	0.183151	
NA	100	100000.00	100000.00	100000.00	1415	273.304389	243.257980	328.000000	211.711717	227.484848	260.211100	241.528551	NA	NA	NA	-0.374842	-0.622220	-0.577877	0.198127	-0.529783	-0.270357	0.422912	
NA	100	100000.00	100000.00	100000.00	1681	324.681751	274.835758	436.000000	304.214747	289.525253	298.033873	271.546691	NA	NA	NA	-0.523680	-1.068331	-0.926273	-0.155396	-0.342460	-0.334768	0.118385	
NA	100	100000.00	100000.00	100000.00	1351	260.942919	232.259394	319.000000	190.326465	211.292929	247.044945	230.489177	NA	NA	NA	-0.374742	-0.691292	-0.619295	0.275794	-0.601115	-0.252313	0.507725	
NA	100	100000.00	100000.00	100000.00	1786	344.962289	334.740202	308.000000	284.532525	309.636364	353.810493	335.285920	NA	NA	NA	-0.101093	0.334107	0.144708	0.249994	-0.323966	-0.197292	0.329067	
NA	100	100000.00	100000.00	100000.00	1537	296.868443	318.653737	247.000000	279.689697	299.171717	308.806182	320.116059	NA	NA	NA	0.250264	0.522854	0.450123	0.225347	0.024528	0.137969	0.108633	
NA	100	100000.00	100000.00	100000.00	1697	327.772119	311.824242	408.000000	262.802020	287.313131	308.566797	309.861472	NA	NA	NA	-0.165972	-0.762779	-0.547582	0.256859	-0.390412	0.015806	0.372271	
NA	100	100000.00	100000.00	100000.00	1678	324.102307	293.861414	368.000000	289.532525	291.696970	313.593874	292.348382	NA	NA	NA	-0.318276	-0.422034	-0.426860	0.022938	-0.316223	-0.255225	0.200315	
NA	100	100000.00	100000.00	100000.00	1585	306.139545	297.586465	279.000000	291.524646	294.555556	312.636336	297.965780	NA	NA	NA	-0.095287	0.276039	0.113248	0.034000	-0.119642	-0.176778	0.089633	
NA	100	100000.00	100000.00	100000.00	1570	303.242326	289.095758	285.000000	275.389091	282.242424	307.609258	289.179344	NA	NA	NA	-0.159105	0.187295	0.025192	0.077611	-0.218953	-0.225699	0.172449	
NA	100	100000.00	100000.00	100000.00	1638	316.376388	324.108485	406.000000	264.154141	294.131313	294.921873	322.437229	NA	NA	NA	0.083360	-0.882433	-0.482933	0.325423	-0.222352	0.351424	0.309960	
NA	100	100000.00	100000.00	100000.00	1616	312.127133	314.867879	281.000000	269.899798	292.383838	319.578490	315.559060	NA	NA	NA	0.029950	0.310599	0.202427	0.247393	-0.200019	-0.047384	0.254034	
NA	100	100000.00	100000.00	100000.00	1483	286.438452	269.092121	325.000000	258.544242	263.818182	277.207409	267.951144	NA	NA	NA	-0.206507	-0.418831	-0.363901	0.063218	-0.249613	-0.125756	0.182788	
NA	100	100000.00	100000.00	100000.00	1494	288.563079	295.223232	326.000000	235.100000	265.161616	279.601256	294.595135	NA	NA	NA	0.078706	-0.403662	-0.198860	0.357698	-0.256342	0.201968	0.347770	
NA	100	100000.00	100000.00	100000.00	1639	316.569536	298.858182	321.000000	305.465051	302.161616	315.508951	298.406308	NA	NA	NA	-0.190832	-0.043596	-0.130496	-0.035839	-0.143928	-0.204212	0.065870	
NA	100	100000.00	100000.00	100000.00	1608	310.581949	305.070707	306.000000	249.636364	277.353535	311.678797	305.051742	NA	NA	NA	-0.060523	0.045945	-0.005582	0.306487	-0.338303	-0.080100	0.368457	
NA	100	100000.00	100000.00	100000.00	1608	310.581949	300.577778	317.000000	241.119192	270.848485	309.045566	300.242630	NA	NA	NA	-0.109863	-0.064356	-0.098640	0.328736	-0.404532	-0.107304	0.419949	
NA	100	100000.00	100000.00	100000.00	1797	347.086917	315.548485	352.000000	318.895960	317.222222	345.910800	314.804576	NA	NA	NA	-0.309999	-0.044141	-0.196062	-0.016566	-0.272213	-0.338841	0.152576	
NA	100	100000.00	100000.00	100000.00	1621	313.092873	269.068081	373.000000	300.810707	284.939394	298.752027	266.947021	NA	NA	NA	-0.479601	-0.595955	-0.619293	-0.174096	-0.284347	-0.401015	0.073661	
NA	100	100000.00	100000.00	100000.00	1646	317.921572	295.005253	329.000000	251.136162	273.070707	315.269567	294.311482	NA	NA	NA	-0.245865	-0.108554	-0.199507	0.236960	-0.446140	-0.250437	0.394480	
NA	100	100000.00	100000.00	100000.00	1465	282.961788	294.765455	270.000000	268.042626	281.404040	286.064641	295.270872	NA	NA	NA	0.142244	0.142489	0.163162	0.162123	-0.017400	0.121213	0.098959	
NA	100	100000.00	100000.00	100000.00	1608	310.581949	279.686667	346.000000	251.767879	265.727273	302.103412	278.333333	NA	NA	NA	-0.339284	-0.355152	-0.398310	0.154358	-0.456672	-0.296389	0.355570	
NA	100	100000.00	100000.00	100000.00	1534	296.288999	278.721818	320.000000	295.156970	286.939394	290.612949	277.879406	NA	NA	NA	-0.202201	-0.249082	-0.259810	-0.095238	-0.099759	-0.165037	0.007173	
NA	100	100000.00	100000.00	100000.00	1688	326.033787	299.486667	341.000000	221.382020	260.434343	322.451106	298.639456	NA	NA	NA	-0.277749	-0.143043	-0.237610	0.411416	-0.636367	-0.278212	0.602827	
NA	100	100000.00	100000.00	100000.00	1384	267.316802	255.501818	268.000000	224.619394	240.060606	267.153255	255.246753	NA	NA	NA	-0.150689	-0.007944	-0.087122	0.198288	-0.322167	-0.167834	0.299706	
NA	100	100000.00	100000.00	100000.00	1645	317.728424	300.559192	353.000000	272.935758	286.747475	309.284951	299.488971	NA	NA	NA	-0.184317	-0.345823	-0.307948	0.149299	-0.308360	-0.119316	0.264736	
NA	100	100000.00	100000.00	100000.00	1310	253.023851	239.956566	258.000000	244.225253	242.090909	251.832638	239.588332	NA	NA	NA	-0.176048	-0.061078	-0.132821	-0.028951	-0.136485	-0.183067	0.065231	
NA	100	100000.00	100000.00	100000.00	1549	299.186218	270.702626	338.000000	253.256970	261.979798	289.894795	269.329210	NA	NA	NA	-0.324684	-0.403837	-0.419505	0.100117	-0.393162	-0.267206	0.288203	
NA	100	100000.00	100000.00	100000.00	1571	303.435474	276.916768	361.000000	286.153939	281.535354	289.655411	275.200783	NA	NA	NA	-0.298063	-0.590647	-0.516854	-0.052270	-0.228194	-0.187962	0.106928	
NA	100	100000.00	100000.00	100000.00	1547	298.799922	303.823636	294.000000	280.277374	292.050505	299.948950	304.024119	NA	NA	NA	0.057339	0.050004	0.061315	0.135301	-0.071413	0.051177	0.116377	
NA	100	100000.00	100000.00	100000.00	1650	318.694164	301.881010	307.000000	236.442222	269.161616	321.493567	301.776541	NA	NA	NA	-0.179949	0.114313	-0.029970	0.352615	-0.491521	-0.231055	0.484663	
NA	100	100000.00	100000.00	100000.00	1527	294.936963	287.482424	291.000000	237.083232	262.282828	295.879411	287.410637	NA	NA	NA	-0.086195	0.041545	-0.022241	0.293385	-0.350004	-0.107813	0.368234	
NA	100	100000.00	100000.00	100000.00	1512	292.039743	291.718990	290.000000	255.089091	273.404040	292.528026	291.754071	NA	NA	NA	-0.003745	0.021735	0.010976	0.215340	-0.201719	-0.009966	0.237511	
NA	100	100000.00	100000.00	100000.00	1312	253.410147	221.702828	300.000000	283.408283	252.555556	242.257252	220.104927	NA	NA	NA	-0.426524	-0.570994	-0.575488	-0.417861	-0.010652	-0.344258	-0.222061	
NA	100	100000.00	100000.00	100000.00	1881	363.311347	370.288081	326.000000	279.651313	324.969697	372.243110	371.191919	NA	NA	NA	0.065520	0.320408	0.227638	0.428561	-0.333935	-0.010642	0.432642	
NA	100	100000.00	100000.00	100000.00	1572	303.628622	314.349495	319.000000	264.438384	289.393939	299.948950	314.254587	NA	NA	NA	0.120423	-0.157621	-0.028568	0.282251	-0.148228	0.179655	0.242333	
NA	100	100000.00	100000.00	100000.00	1581	305.366954	280.504040	308.000000	289.819192	285.161616	304.736643	279.942898	NA	NA	NA	-0.277689	-0.026848	-0.167954	-0.052379	-0.209210	-0.306488	0.095595	
NA	100	100000.00	100000.00	100000.00	1551	299.572514	286.638990	306.000000	240.613535	263.626263	298.033873	286.243867	NA	NA	NA	-0.147239	-0.066790	-0.120534	0.263791	-0.379358	-0.149012	0.369488	
NA	100	100000.00	100000.00	100000.00	1625	313.865465	289.281818	339.000000	298.617172	293.949495	307.848643	288.267161	NA	NA	NA	-0.267154	-0.249430	-0.295529	-0.051075	-0.200656	-0.239615	0.091226	
NA	100	100000.00	100000.00	100000.00	1599	308.843617	285.453131	352.000000	308.183232	296.818182	298.512642	284.095032	NA	NA	NA	-0.258311	-0.435153	-0.401947	-0.126376	-0.123119	-0.181931	0.004015	
NA	100	100000.00	100000.00	100000.00	1569	303.049178	296.924242	301.000000	267.540404	282.232323	303.539720	296.841064	NA	NA	NA	-0.068930	0.021052	-0.025085	0.166485	-0.217182	-0.083131	0.219987	
NA	100	100000.00	100000.00	100000.00	1540	297.447886	282.097980	355.000000	304.023232	293.060606	283.670795	280.610183	NA	NA	NA	-0.175993	-0.602255	-0.457079	-0.126558	-0.046630	-0.040636	-0.041500	
NA	100	100000.00	100000.00	100000.00	1496	288.949375	310.889293	269.000000	270.444040	290.666667	293.724949	311.744176	NA	NA	NA	0.258929	0.214819	0.270303	0.240305	0.018786	0.231076	0.120215	
NA	100	100000.00	100000.00	100000.00	1577	304.594362	327.804848	312.000000	333.326465	330.565657	302.821566	328.127396	NA	NA	NA	0.259890	-0.075701	0.096784	-0.031126	0.269591	0.314792	-0.177105	
NA	100	100000.00	100000.00	100000.00	1649	318.501016	343.945859	311.000000	269.427879	306.686869	320.296644	344.618223	NA	NA	NA	0.272498	0.073368	0.193002	0.401781	-0.117305	0.286077	0.289334	
NA	100	100000.00	100000.00	100000.00	1521	293.778075	274.015758	325.000000	225.297374	249.656566	286.304026	272.975263	NA	NA	NA	-0.229406	-0.330750	-0.323623	0.284716	-0.474774	-0.175345	0.437586	
NA	100	100000.00	100000.00	100000.00	1605	310.002505	322.833939	289.000000	273.246869	298.040404	315.030182	323.524428	NA	NA	NA	0.141174	0.210990	0.203600	0.274669	-0.122015	0.101578	0.222626	
NA	100	100000.00	100000.00	100000.00	1610	310.968245	292.585455	293.000000	226.848889	259.717172	315.269567	292.576994	NA	NA	NA	-0.201625	0.179954	-0.002487	0.362996	-0.521150	-0.271163	0.507929	
NA	100	100000.00	100000.00	100000.00	1372	264.999026	255.616364	254.000000	252.807879	254.212121	267.632024	255.649351	NA	NA	NA	-0.120711	0.128991	0.011365	0.018190	-0.128610	-0.168607	0.086318	
NA	100	100000.00	100000.00	100000.00	1569	303.049178	285.184444	373.000000	249.664040	267.424242	286.304026	283.392290	NA	NA	NA	-0.201050	-0.718642	-0.540480	0.201253	-0.371675	-0.038305	0.330736	
NA	100	100000.00	100000.00	100000.00	1701	328.544711	307.807273	369.000000	249.930101	278.868687	318.860336	306.558442	NA	NA	NA	-0.215311	-0.383741	-0.347590	0.302544	-0.478231	-0.145349	0.449398	
NA	100	100000.00	100000.00	100000.00	1738	335.691186	328.312525	320.000000	270.131919	299.222222	339.447415	328.482169	NA	NA	NA	-0.074983	0.145707	0.046219	0.297673	-0.343645	-0.121715	0.366821	
NA	100	100000.00	100000.00	100000.00	1600	309.036765	312.170909	362.000000	235.425051	273.797980	296.358180	311.153989	NA	NA	NA	0.034590	-0.533707	-0.300784	0.426430	-0.360557	0.188057	0.447248	
NA	100	100000.00	100000.00	100000.00	1650	318.694164	323.234343	330.000000	287.715152	305.474747	315.987721	323.096269	NA	NA	NA	0.048593	-0.110517	-0.039610	0.191394	-0.131179	0.084750	0.182541	
NA	100	100000.00	100000.00	100000.00	1575	304.208066	278.278990	323.000000	266.832121	272.555556	299.709565	277.366316	NA	NA	NA	-0.290698	-0.192333	-0.274204	0.064610	-0.328979	-0.280818	0.230676	
NA	100	100000.00	100000.00	100000.00	1716	331.441931	305.111919	348.000000	271.453737	288.282828	327.478183	304.236652	NA	NA	NA	-0.270993	-0.155705	-0.241500	0.174409	-0.411876	-0.267391	0.339935	
NA	100	100000.00	100000.00	100000.00	1588	306.718989	296.743030	264.000000	291.539798	294.141414	316.945259	297.411255	NA	NA	NA	-0.110930	0.433689	0.199130	0.029129	-0.129659	-0.232188	0.092919	
NA	100	100000.00	100000.00	100000.00	1554	300.151958	257.701010	320.000000	271.026263	264.363636	295.400642	256.429602	NA	NA	NA	-0.482344	-0.205853	-0.387107	-0.076226	-0.376966	-0.496930	0.182176	
NA	100	100000.00	100000.00	100000.00	1609	310.775097	293.777778	308.000000	326.060606	309.919192	311.439413	293.487528	NA	NA	NA	-0.186544	0.027810	-0.085373	-0.178375	-0.008709	-0.217147	-0.092354	
NA	100	100000.00	100000.00	100000.00	1632	315.217500	292.216162	337.000000	225.602020	258.909091	310.003105	291.302206	NA	NA	NA	-0.248889	-0.215249	-0.265065	0.362897	-0.564893	-0.227253	0.533852	
NA	100	100000.00	100000.00	100000.00	1678	324.102307	320.324040	336.000000	261.938586	291.131313	321.254183	320.004123	NA	NA	NA	-0.039765	-0.114385	-0.090256	0.309373	-0.321742	-0.014660	0.360208	
NA	100	100000.00	100000.00	100000.00	1741	336.270630	310.450707	283.000000	352.842222	331.646465	349.022801	311.010926	NA	NA	NA	-0.261936	0.493824	0.152368	-0.216517	-0.043498	-0.410380	-0.092563	
NA	100	100000.00	100000.00	100000.00	1472	284.313824	286.230505	308.000000	227.042222	256.636364	278.643717	285.786230	NA	NA	NA	0.022988	-0.259161	-0.142747	0.357383	-0.307689	0.096540	0.378086	
NA	100	100000.00	100000.00	100000.00	1571	303.435474	277.989293	332.000000	213.950101	245.969697	296.597565	276.887034	NA	NA	NA	-0.286008	-0.293090	-0.332000	0.362376	-0.598781	-0.250322	0.553685	
NA	100	100000.00	100000.00	100000.00	1649	318.501016	309.588889	286.000000	280.289899	294.939394	326.281260	310.070295	NA	NA	NA	-0.095443	0.317895	0.138187	0.157972	-0.233947	-0.187188	0.225292	
NA	100	100000.00	100000.00	100000.00	1631	315.024352	295.315556	349.000000	334.381414	314.848485	306.891104	294.219955	NA	NA	NA	-0.213392	-0.335942	-0.317939	-0.212951	-0.001765	-0.155537	-0.115383	
NA	100	100000.00	100000.00	100000.00	1538	297.061590	313.083232	286.000000	272.977374	293.030303	299.709565	313.635951	NA	NA	NA	0.183933	0.115903	0.170025	0.231801	-0.042902	0.175032	0.152203	
NA	100	100000.00	100000.00	100000.00	1489	287.597340	287.401414	304.000000	263.608687	275.505051	283.670795	287.062667	NA	NA	NA	-0.002323	-0.177447	-0.107607	0.142027	-0.132903	0.045035	0.156565	
NA	100	100000.00	100000.00	100000.00	1476	285.086416	270.579596	324.000000	336.955758	303.767677	275.771102	269.489384	NA	NA	NA	-0.173520	-0.424632	-0.349346	-0.399701	0.207119	-0.085787	-0.341499	
NA	100	100000.00	100000.00	100000.00	1562	301.697142	295.412121	295.000000	267.537374	281.474747	303.300335	295.420532	NA	NA	NA	-0.071048	0.069108	0.002548	0.158640	-0.211921	-0.097866	0.212574	
NA	100	100000.00	100000.00	100000.00	1610	310.968245	313.093737	243.000000	287.552727	300.323232	327.238799	314.524222	NA	NA	NA	0.023313	0.680710	0.420497	0.141037	-0.108244	-0.146386	0.141387	
NA	100	100000.00	100000.00	100000.00	1586	306.332693	273.439394	348.000000	245.893939	259.666667	296.358180	271.917749	NA	NA	NA	-0.366224	-0.423539	-0.454015	0.154400	-0.481673	-0.310642	0.370439	
NA	100	100000.00	100000.00	100000.00	1766	341.099330	323.891717	337.000000	319.906263	321.898990	342.080646	323.624201	NA	NA	NA	-0.172100	0.037469	-0.071735	0.020069	-0.178067	-0.203293	0.116708	
NA	100	100000.00	100000.00	100000.00	1582	305.560102	300.466061	300.000000	291.554141	296.010101	306.891104	300.475572	NA	NA	NA	-0.056859	0.056658	0.002845	0.050080	-0.098820	-0.078750	0.086061	
NA	100	100000.00	100000.00	100000.00	1591	307.298433	295.177576	284.000000	258.216364	276.696970	312.875720	295.405690	NA	NA	NA	-0.134527	0.236088	0.067850	0.206529	-0.314871	-0.210350	0.299891	
NA	100	100000.00	100000.00	100000.00	1525	294.550667	286.702626	343.000000	310.226667	298.464646	282.952641	285.553700	NA	NA	NA	-0.090864	-0.511921	-0.356418	-0.137118	0.042007	0.034622	-0.099907	
NA	100	100000.00	100000.00	100000.00	1544	298.220478	283.280202	339.000000	266.113737	274.696970	288.458487	282.143063	NA	NA	NA	-0.170854	-0.425646	-0.348452	0.098833	-0.249375	-0.082463	0.202117	
NA	100	100000.00	100000.00	100000.00	1525	294.550667	288.196768	284.000000	253.459798	270.828283	297.076334	288.282416	NA	NA	NA	-0.073565	0.111479	0.026570	0.202476	-0.254601	-0.111503	0.261882	
NA	100	100000.00	100000.00	100000.00	1545	298.413626	278.450303	222.000000	272.155758	275.303030	316.705875	279.602350	NA	NA	NA	-0.228149	0.797076	0.352793	0.036216	-0.244840	-0.441359	0.165191	
NA	100	100000.00	100000.00	100000.00	1568	302.856030	279.389091	329.000000	249.944242	264.666667	296.597565	278.376623	NA	NA	NA	-0.264266	-0.268760	-0.305534	0.166936	-0.398682	-0.231405	0.328012	
NA	100	100000.00	100000.00	100000.00	1632	315.217500	311.331515	284.000000	290.547273	300.939394	322.690490	311.889301	NA	NA	NA	-0.042049	0.308483	0.161769	0.113227	-0.143240	-0.126106	0.146964	
NA	100	100000.00	100000.00	100000.00	1665	321.591384	305.855960	323.000000	271.982424	288.919192	321.254183	305.506081	NA	NA	NA	-0.166901	-0.013647	-0.099474	0.180887	-0.321305	-0.184683	0.289694	
NA	100	100000.00	100000.00	100000.00	1595	308.071025	317.837172	299.000000	264.263838	291.050505	310.242489	318.221604	NA	NA	NA	0.108121	0.091691	0.114061	0.298605	-0.174694	0.096887	0.266993	
NA	100	100000.00	100000.00	100000.00	1605	310.002505	303.768485	298.000000	256.110303	279.939394	312.875720	303.886209	NA	NA	NA	-0.068588	0.120576	0.034713	0.263985	-0.306646	-0.108239	0.326421	
NA	100	100000.00	100000.00	100000.00	1569	303.049178	278.443030	332.000000	230.950909	254.696970	296.118796	277.350031	NA	NA	NA	-0.276918	-0.297427	-0.329628	0.269083	-0.504458	-0.238746	0.446669	
NA	100	100000.00	100000.00	100000.00	1716	331.441931	353.648687	298.000000	281.361414	317.505051	339.447415	354.784374	NA	NA	NA	0.228556	0.314475	0.313354	0.374577	-0.133003	0.170241	0.283791	
NA	100	100000.00	100000.00	100000.00	1852	357.710056	340.646869	388.000000	287.757172	314.202020	350.459108	339.680478	NA	NA	NA	-0.162748	-0.264142	-0.247180	0.253986	-0.384841	-0.115891	0.367400	
