Ratio_Missing:	nsam[0]:	Eff_length1_pop_outg[0]:	Eff_length2_pop_outg[0]:	Eff_length3_pop_outg[0]:	S[0]:	Theta(Wat)[0]:	Theta(Taj)[0]:	Theta(Fu&Li)[0]:	Theta(Fay&Wu)[0]:	Theta(Zeng)[0]:	Theta(Achaz,Wat)[0]:	Theta(Achaz,Taj)[0]:	Theta/nt(Taj)HKY[0]:	Divergence[0]:	Divergence/nt_HKY[0]:	TajimaD[0]:	Fu&LiD[0]:	Fu&LiF[0]:	Fay&WunormH[0]:	ZengE[0]:	AchazY[0]:	FerrettiL[0]:	
NA	100	100000.00	100000.00	100000.00	710	137.135065	72.390909	245.000000	370.982828	221.686869	111.313856	68.868275	NA	NA	NA	-1.605322	-2.412384	-2.327623	-3.725573	1.938091	-1.430779	-3.184724	
NA	100	100000.00	100000.00	100000.00	620	119.751746	36.874949	192.000000	309.246263	173.060606	102.456625	33.709132	NA	NA	NA	-2.351338	-1.843165	-2.390126	-3.888152	1.397183	-2.516372	-2.951205	
NA	100	100000.00	100000.00	100000.00	525	101.402689	31.669697	236.000000	282.451515	157.060606	69.182160	27.499691	NA	NA	NA	-2.333777	-4.032807	-3.706102	-4.222218	1.718973	-2.252289	-3.323331	
NA	100	100000.00	100000.00	100000.00	643	124.194150	94.753131	173.000000	291.953939	193.353535	112.510779	93.156256	NA	NA	NA	-0.805589	-1.201895	-1.163220	-2.715089	1.748530	-0.645515	-2.520236	
NA	100	100000.00	100000.00	100000.00	693	133.851549	69.249495	204.000000	331.740404	200.494949	117.059087	66.499485	NA	NA	NA	-1.640871	-1.606282	-1.860969	-3.354956	1.564664	-1.621136	-2.760470	
NA	100	100000.00	100000.00	100000.00	621	119.944894	48.607273	211.000000	354.907879	201.757576	98.147701	45.293135	NA	NA	NA	-2.020716	-2.319331	-2.498146	-4.365509	2.140835	-2.018984	-3.653506	
NA	100	100000.00	100000.00	100000.00	614	118.592859	33.927273	220.000000	360.739394	197.333333	94.317547	30.129870	NA	NA	NA	-2.425413	-2.611551	-2.894475	-4.710560	2.083648	-2.550742	-3.807658	
NA	100	100000.00	100000.00	100000.00	630	121.683226	38.444646	184.000000	383.636162	211.040404	106.765548	35.474129	NA	NA	NA	-2.324348	-1.565325	-2.207701	-4.850015	2.305248	-2.504849	-4.015619	
NA	100	100000.00	100000.00	100000.00	418	80.735855	19.675758	129.000000	247.172727	133.424242	69.182160	17.444651	NA	NA	NA	-2.561769	-1.799825	-2.477348	-4.800152	2.036440	-2.795607	-3.824599	
NA	100	100000.00	100000.00	100000.00	616	118.979155	45.304040	183.000000	319.807071	182.555556	103.653548	42.493919	NA	NA	NA	-2.103760	-1.643549	-2.135114	-3.943842	1.676977	-2.212953	-3.147799	
NA	100	100000.00	100000.00	100000.00	613	118.399711	38.455354	183.000000	361.787071	200.121212	102.935394	35.505463	NA	NA	NA	-2.293876	-1.666289	-2.252083	-4.667941	2.166017	-2.456742	-3.833344	
NA	100	100000.00	100000.00	100000.00	471	90.972698	20.193333	175.000000	291.867273	156.030303	70.857853	17.034014	NA	NA	NA	-2.638140	-2.794812	-3.122344	-5.093377	2.236015	-2.840224	-4.104359	
NA	100	100000.00	100000.00	100000.00	438	84.598814	26.503636	119.000000	207.779192	117.141414	76.363699	24.615955	NA	NA	NA	-2.327065	-1.226760	-2.002672	-3.652018	1.201328	-2.535547	-2.703326	
NA	100	100000.00	100000.00	100000.00	753	145.440428	45.175152	276.000000	486.764242	265.969697	114.186472	40.464440	NA	NA	NA	-2.344833	-2.757459	-2.937516	-5.197019	2.606567	-2.422922	-4.385367	
NA	100	100000.00	100000.00	100000.00	555	107.197128	29.838788	215.000000	298.969293	164.404040	81.390777	26.059988	NA	NA	NA	-2.450014	-3.061334	-3.180454	-4.288196	1.672591	-2.545065	-3.332206	
NA	100	100000.00	100000.00	100000.00	631	121.876374	64.493333	225.000000	288.355152	176.424242	97.190163	61.217687	NA	NA	NA	-1.599836	-2.586365	-2.430683	-3.140358	1.405029	-1.387550	-2.548042	
NA	100	100000.00	100000.00	100000.00	630	121.683226	61.045253	121.000000	369.257778	215.151515	121.846780	59.821686	NA	NA	NA	-1.693251	0.017162	-0.909360	-4.330453	2.411307	-1.911060	-3.795205	
NA	100	100000.00	100000.00	100000.00	510	98.505469	35.938788	175.000000	301.495556	168.717172	80.193853	33.100804	NA	NA	NA	-2.155057	-2.356857	-2.594863	-4.601315	2.231311	-2.198206	-3.834226	
NA	100	100000.00	100000.00	100000.00	505	97.539729	50.843434	130.000000	304.691919	177.767677	89.769239	49.227994	NA	NA	NA	-1.624217	-1.009661	-1.491360	-4.441607	2.574497	-1.692066	-3.951067	
NA	100	100000.00	100000.00	100000.00	565	109.128608	39.040202	183.000000	309.222424	174.131313	91.444931	36.102247	NA	NA	NA	-2.180750	-2.061878	-2.429832	-4.229366	1.867326	-2.267822	-3.416002	
NA	100	100000.00	100000.00	100000.00	386	74.555120	15.263838	175.000000	192.534141	103.898990	50.510158	12.003917	NA	NA	NA	-2.691714	-4.041447	-3.911428	-4.046875	1.226390	-2.839501	-2.931929	
NA	100	100000.00	100000.00	100000.00	518	100.050653	65.319192	90.000000	336.377778	200.848485	102.456625	64.815502	NA	NA	NA	-1.177959	0.305060	-0.453578	-4.624738	3.154567	-1.377782	-4.395877	
NA	100	100000.00	100000.00	100000.00	479	92.517882	19.409091	180.000000	320.247475	169.828283	71.576006	16.131725	NA	NA	NA	-2.679822	-2.863021	-3.186139	-5.546837	2.613450	-2.896657	-4.575996	
NA	100	100000.00	100000.00	100000.00	609	117.627119	47.728889	218.000000	313.564040	180.646465	93.599393	44.253968	NA	NA	NA	-2.018707	-2.605476	-2.670025	-3.862884	1.681155	-1.975864	-3.106044	
NA	100	100000.00	100000.00	100000.00	543	104.879352	108.189697	178.000000	240.396162	174.292929	87.375392	106.764997	NA	NA	NA	0.107142	-2.120739	-1.225075	-2.152682	2.073719	0.831260	-2.406111	
NA	100	100000.00	100000.00	100000.00	487	94.063065	20.284848	205.000000	301.775758	161.030303	67.506468	16.515152	NA	NA	NA	-2.660289	-3.573275	-3.605908	-5.105636	2.227182	-2.822991	-4.106162	
NA	100	100000.00	100000.00	100000.00	751	145.054132	66.637172	188.000000	367.544646	217.090909	134.773551	64.160379	NA	NA	NA	-1.838741	-0.909384	-1.548537	-3.550725	1.561975	-1.968054	-2.866127	
NA	100	100000.00	100000.00	100000.00	615	118.786007	49.965455	209.000000	286.175960	168.070707	97.190163	46.719852	NA	NA	NA	-1.968315	-2.319632	-2.469929	-3.399163	1.302088	-1.946768	-2.627907	
NA	100	100000.00	100000.00	100000.00	457	88.268626	34.160606	211.000000	259.152525	146.656566	58.888621	30.551639	NA	NA	NA	-2.078011	-4.202096	-3.673402	-4.346132	2.067261	-1.795729	-3.596607	
NA	100	100000.00	100000.00	100000.00	536	103.527316	31.911515	171.000000	277.381414	154.646465	87.375392	29.072975	NA	NA	NA	-2.347959	-1.981587	-2.472040	-4.048681	1.546844	-2.499507	-3.126597	
NA	100	100000.00	100000.00	100000.00	612	118.206563	27.060000	277.000000	334.212727	180.636364	80.193853	21.959184	NA	NA	NA	-2.619552	-4.102377	-3.900447	-4.441557	1.657364	-2.718274	-3.407588	
NA	100	100000.00	100000.00	100000.00	546	105.458796	60.001010	163.000000	290.685859	175.343434	91.684316	57.898990	NA	NA	NA	-1.463254	-1.660031	-1.797759	-3.735710	2.076477	-1.380861	-3.270874	
NA	100	100000.00	100000.00	100000.00	735	141.963764	52.926667	247.000000	379.214747	216.070707	116.819703	48.965986	NA	NA	NA	-2.132971	-2.271306	-2.529387	-3.933518	1.641486	-2.180084	-3.122188	
NA	100	100000.00	100000.00	100000.00	554	107.003980	21.678384	265.000000	390.200404	205.939394	69.182160	16.712637	NA	NA	NA	-2.707188	-4.494517	-4.186851	-5.882366	2.897781	-2.835161	-4.929554	
NA	100	100000.00	100000.00	100000.00	790	152.586903	43.762828	224.000000	462.823030	253.292929	135.491704	40.084519	NA	NA	NA	-2.426385	-1.439349	-2.187804	-4.702212	2.076837	-2.645064	-3.800874	
NA	100	100000.00	100000.00	100000.00	594	114.729899	47.518182	112.000000	393.350505	220.434343	115.383395	46.202226	NA	NA	NA	-1.989816	0.072595	-1.036204	-5.151275	2.890172	-2.250238	-4.527031	
NA	100	100000.00	100000.00	100000.00	439	84.791962	20.831515	133.000000	219.612929	120.222222	73.251699	18.542362	NA	NA	NA	-2.556220	-1.715368	-2.423205	-3.995666	1.304998	-2.793484	-2.952155	
NA	100	100000.00	100000.00	100000.00	749	144.667836	48.242424	185.000000	431.434343	239.838384	135.012935	45.451453	NA	NA	NA	-2.267013	-0.856260	-1.749558	-4.533687	2.069041	-2.491758	-3.703907	
NA	100	100000.00	100000.00	100000.00	606	117.047675	51.899798	133.000000	347.696162	199.797980	113.228933	50.244692	NA	NA	NA	-1.890768	-0.416076	-1.277916	-4.319375	2.218308	-2.087417	-3.674200	
NA	100	100000.00	100000.00	100000.00	575	111.060087	64.084848	136.000000	346.541414	205.313131	105.089856	62.617192	NA	NA	NA	-1.436354	-0.684408	-1.193115	-4.345211	2.661119	-1.515931	-3.951044	
NA	100	100000.00	100000.00	100000.00	626	120.910634	37.344848	266.000000	371.725859	204.535354	86.178469	32.678417	NA	NA	NA	-2.348303	-3.667056	-3.489883	-4.727930	2.170982	-2.325226	-3.869185	
NA	100	100000.00	100000.00	100000.00	607	117.240823	46.918384	186.000000	282.212929	164.565657	100.780932	44.079984	NA	NA	NA	-2.037608	-1.790545	-2.187998	-3.430277	1.266584	-2.109705	-2.623702	
NA	100	100000.00	100000.00	100000.00	491	94.835657	46.369495	126.000000	273.610303	159.989899	87.375392	44.744383	NA	NA	NA	-1.733465	-0.995937	-1.542120	-4.088386	2.149499	-1.827652	-3.505705	
NA	100	100000.00	100000.00	100000.00	440	84.985110	23.664040	212.000000	234.133939	128.898990	54.579697	19.820449	NA	NA	NA	-2.445215	-4.509683	-4.059651	-4.221096	1.613860	-2.374449	-3.258581	
NA	100	100000.00	100000.00	100000.00	676	130.568033	25.731515	309.000000	395.945253	210.838384	87.854162	19.950526	NA	NA	NA	-2.729392	-4.185635	-4.008851	-4.849987	1.931469	-2.895384	-3.794066	
NA	100	100000.00	100000.00	100000.00	651	125.739334	65.404646	203.000000	372.312525	218.858586	107.244317	62.596578	NA	NA	NA	-1.630759	-1.879929	-2.020783	-4.173983	2.325698	-1.561755	-3.659194	
NA	100	100000.00	100000.00	100000.00	620	119.751746	42.895960	203.000000	392.033333	217.464646	99.823394	39.628530	NA	NA	NA	-2.180513	-2.123792	-2.466841	-4.984002	2.560978	-2.261041	-4.240538	
NA	100	100000.00	100000.00	100000.00	670	129.409145	30.718788	263.000000	404.432727	217.575758	97.429547	25.978355	NA	NA	NA	-2.592253	-3.161020	-3.316227	-4.939390	2.140256	-2.749330	-3.966834	
NA	100	100000.00	100000.00	100000.00	485	93.676769	27.970101	160.000000	268.837980	148.404040	77.800007	25.275613	NA	NA	NA	-2.378938	-2.144738	-2.587806	-4.386672	1.827498	-2.526506	-3.476750	
NA	100	100000.00	100000.00	100000.00	640	123.614706	76.285657	161.000000	305.492121	190.888889	114.665241	74.556792	NA	NA	NA	-1.301089	-0.924839	-1.265167	-3.170436	1.708747	-1.312719	-2.744995	
NA	100	100000.00	100000.00	100000.00	772	149.110239	40.476768	323.000000	415.563636	228.020202	107.483702	34.710987	NA	NA	NA	-2.478325	-3.584472	-3.508216	-4.306352	1.664916	-2.539919	-3.339911	
NA	100	100000.00	100000.00	100000.00	473	91.358994	22.773333	135.000000	295.610505	159.191919	80.912007	20.482993	NA	NA	NA	-2.545654	-1.445638	-2.254184	-5.093761	2.321699	-2.795877	-4.155549	
NA	100	100000.00	100000.00	100000.00	550	106.231388	46.670909	138.000000	310.925051	178.797980	98.626470	44.807050	NA	NA	NA	-1.903365	-0.910070	-1.582708	-4.248463	2.140697	-2.045930	-3.588664	
NA	100	100000.00	100000.00	100000.00	629	121.490078	43.466263	207.000000	321.907475	182.686869	101.020317	40.128839	NA	NA	NA	-2.182174	-2.151222	-2.484261	-3.918334	1.581243	-2.260292	-3.077139	
NA	100	100000.00	100000.00	100000.00	563	108.742312	34.386061	225.000000	314.159394	174.272727	80.912007	30.495980	NA	NA	NA	-2.321703	-3.256093	-3.228493	-4.394936	1.889085	-2.332605	-3.519189	
NA	100	100000.00	100000.00	100000.00	578	111.639531	38.610101	154.000000	332.581818	185.595960	101.499086	36.255205	NA	NA	NA	-2.221496	-1.156632	-1.904639	-4.499066	2.077371	-2.410506	-3.688084	
NA	100	100000.00	100000.00	100000.00	612	118.206563	113.314747	197.000000	255.291313	184.303030	99.344624	111.606885	NA	NA	NA	-0.140591	-2.035603	-1.305953	-2.053041	1.754705	0.462800	-2.162569	
NA	100	100000.00	100000.00	100000.00	673	129.988589	76.106263	169.000000	382.681616	229.393939	120.649857	74.210472	NA	NA	NA	-1.409030	-0.919088	-1.320408	-4.034076	2.402441	-1.444962	-3.628663	
NA	100	100000.00	100000.00	100000.00	706	136.362473	92.725657	221.000000	372.607677	232.666667	116.101549	90.107813	NA	NA	NA	-1.088065	-1.903340	-1.739419	-3.511786	2.219853	-0.840293	-3.235427	
NA	100	100000.00	100000.00	100000.00	581	112.218975	36.422626	207.000000	344.183434	190.303030	89.529854	32.941455	NA	NA	NA	-2.293838	-2.575023	-2.801305	-4.685967	2.182133	-2.368091	-3.852311	
NA	100	100000.00	100000.00	100000.00	758	146.406167	65.140808	203.000000	328.737980	196.939394	132.858473	62.327355	NA	NA	NA	-1.888024	-1.187595	-1.743015	-3.081908	1.085695	-1.993956	-2.327306	
NA	100	100000.00	100000.00	100000.00	775	149.689683	78.441616	272.000000	373.639192	226.040404	120.410472	74.491445	NA	NA	NA	-1.619167	-2.511723	-2.394329	-3.376105	1.604743	-1.431595	-2.796367	
NA	100	100000.00	100000.00	100000.00	785	151.621163	55.295354	271.000000	435.734949	245.515152	123.043703	50.893218	NA	NA	NA	-2.161331	-2.421060	-2.634768	-4.295889	1.948569	-2.201530	-3.502813	
NA	100	100000.00	100000.00	100000.00	786	151.814311	55.330707	217.000000	430.871313	243.101010	136.209858	52.031334	NA	NA	NA	-2.162131	-1.320356	-1.972265	-4.235206	1.892073	-2.321518	-3.436129	
NA	100	100000.00	100000.00	100000.00	497	95.994545	55.314343	156.000000	258.221010	156.767677	81.630161	53.259534	NA	NA	NA	-1.437560	-1.895351	-1.926848	-3.606906	1.981119	-1.301176	-3.143317	
NA	100	100000.00	100000.00	100000.00	537	103.720464	19.264040	237.000000	341.443030	180.353535	71.815391	14.820449	NA	NA	NA	-2.763826	-3.907218	-3.862793	-5.304077	2.314626	-2.967839	-4.267349	
NA	100	100000.00	100000.00	100000.00	598	115.502491	89.789293	166.000000	234.675354	162.232323	103.414163	88.233972	NA	NA	NA	-0.756185	-1.334159	-1.216642	-2.143794	1.269248	-0.550531	-1.923517	
NA	100	100000.00	100000.00	100000.00	375	72.430492	17.503232	133.000000	180.981616	99.242424	57.931082	15.146155	NA	NA	NA	-2.565987	-2.505040	-2.908731	-3.840193	1.152796	-2.755592	-2.775354	
NA	100	100000.00	100000.00	100000.00	578	111.639531	40.385051	220.000000	288.827071	164.606061	85.699700	36.719439	NA	NA	NA	-2.167504	-2.958730	-2.964744	-3.802260	1.487783	-2.140584	-2.957707	
NA	100	100000.00	100000.00	100000.00	610	117.820267	53.044242	286.000000	340.915354	196.979798	77.560622	48.290043	NA	NA	NA	-1.867727	-4.358670	-3.647104	-4.176285	2.108305	-1.412268	-3.530830	
NA	100	100000.00	100000.00	100000.00	421	81.315299	16.679596	141.000000	296.492121	156.585859	67.027698	14.142445	NA	NA	NA	-2.692637	-2.210547	-2.797609	-5.862378	2.888889	-2.948544	-4.909935	
NA	100	100000.00	100000.00	100000.00	592	114.343603	33.855556	212.000000	345.154545	189.505051	90.966162	30.219955	NA	NA	NA	-2.390861	-2.605422	-2.872221	-4.652437	2.061921	-2.502249	-3.762744	
NA	100	100000.00	100000.00	100000.00	511	98.698617	34.934545	141.000000	249.792727	142.363636	88.572316	32.769944	NA	NA	NA	-2.192035	-1.300882	-1.975377	-3.715637	1.384987	-2.360248	-2.848465	
NA	100	100000.00	100000.00	100000.00	519	100.243801	28.847475	186.000000	261.112121	144.979798	79.715084	25.640280	NA	NA	NA	-2.416861	-2.598057	-2.882661	-3.955276	1.397398	-2.539130	-2.986592	
NA	100	100000.00	100000.00	100000.00	559	107.969720	49.044646	200.000000	286.086667	167.565657	85.939085	45.963925	NA	NA	NA	-1.852953	-2.595363	-2.574720	-3.750105	1.730138	-1.742207	-3.073056	
NA	100	100000.00	100000.00	100000.00	607	117.240823	45.991111	164.000000	339.342222	192.666667	106.047394	43.582766	NA	NA	NA	-2.064475	-1.217647	-1.856487	-4.276663	2.018670	-2.209483	-3.532282	
NA	100	100000.00	100000.00	100000.00	605	116.854527	55.208283	258.000000	369.175556	212.191919	83.066469	51.069676	NA	NA	NA	-1.792080	-3.687313	-3.200625	-4.592238	2.559906	-1.442319	-4.026010	
NA	100	100000.00	100000.00	100000.00	633	122.262670	36.637172	251.000000	378.150707	207.393939	91.444931	32.262420	NA	NA	NA	-2.379738	-3.218868	-3.236192	-4.775760	2.185942	-2.425170	-3.904255	
NA	100	100000.00	100000.00	100000.00	601	116.081935	48.705657	171.000000	329.253939	188.979798	102.935394	46.209854	NA	NA	NA	-1.971606	-1.443938	-1.942762	-4.130542	1.970247	-2.066738	-3.423735	
NA	100	100000.00	100000.00	100000.00	739	142.736356	82.156970	240.000000	349.580404	215.868687	119.452934	78.935683	NA	NA	NA	-1.443425	-2.092143	-2.046223	-3.206540	1.611219	-1.273254	-2.707439	
NA	100	100000.00	100000.00	100000.00	600	115.888787	68.929697	167.000000	286.302626	177.616162	103.653548	66.928262	NA	NA	NA	-1.376421	-1.346014	-1.560489	-3.205699	1.671083	-1.328840	-2.741510	
NA	100	100000.00	100000.00	100000.00	708	136.748769	42.202020	241.000000	376.909091	209.555556	111.792625	38.144919	NA	NA	NA	-2.350859	-2.337972	-2.688233	-4.187909	1.673537	-2.471991	-3.279844	
NA	100	100000.00	100000.00	100000.00	621	119.944894	30.316768	251.000000	366.046869	198.181818	88.572316	25.813028	NA	NA	NA	-2.538814	-3.338200	-3.394850	-4.784949	2.047266	-2.654501	-3.826710	
NA	100	100000.00	100000.00	100000.00	629	121.490078	133.354949	149.000000	278.220808	205.787879	114.904626	133.035663	NA	NA	NA	0.331837	-0.692083	-0.237666	-2.038609	2.178142	0.592186	-2.406389	
NA	100	100000.00	100000.00	100000.00	663	128.057110	37.312525	234.000000	389.535960	213.424242	102.696009	33.298495	NA	NA	NA	-2.408563	-2.532520	-2.837219	-4.704167	2.093931	-2.534283	-3.810882	
NA	100	100000.00	100000.00	100000.00	619	119.558599	32.393939	196.000000	385.343434	208.868687	101.259701	29.055040	NA	NA	NA	-2.476961	-1.953192	-2.524799	-5.046501	2.344483	-2.673944	-4.145971	
NA	100	100000.00	100000.00	100000.00	520	100.436949	51.536364	138.000000	245.372727	148.454545	91.444931	49.771800	NA	NA	NA	-1.652191	-1.135895	-1.583023	-3.294581	1.497061	-1.707674	-2.685689	
NA	100	100000.00	100000.00	100000.00	397	76.679747	46.945051	129.000000	241.741818	144.343434	64.155083	45.270460	NA	NA	NA	-1.312862	-2.049502	-1.955099	-4.325153	2.751015	-1.099530	-3.990261	
NA	100	100000.00	100000.00	100000.00	661	127.670814	44.865455	204.000000	417.599192	231.232323	109.398779	41.617811	NA	NA	NA	-2.204449	-1.829978	-2.302348	-4.993055	2.547811	-2.324544	-4.238169	
NA	100	100000.00	100000.00	100000.00	431	83.246779	34.934949	131.000000	234.560000	134.747475	71.815391	32.974438	NA	NA	NA	-1.966330	-1.729367	-2.112873	-4.086331	1.931525	-2.022525	-3.373825	
NA	100	100000.00	100000.00	100000.00	571	110.287496	47.494343	186.000000	299.960202	173.727273	92.163085	44.667697	NA	NA	NA	-1.933374	-2.091797	-2.313680	-3.910837	1.803528	-1.931204	-3.204470	
NA	100	100000.00	100000.00	100000.00	651	125.739334	95.009899	149.000000	354.101212	224.555556	120.171088	93.908060	NA	NA	NA	-0.830572	-0.565985	-0.792921	-3.523672	2.467983	-0.820411	-3.388934	
NA	100	100000.00	100000.00	100000.00	585	112.991567	45.498182	284.000000	310.016970	177.757576	72.054776	40.630798	NA	NA	NA	-2.028691	-4.615241	-3.890513	-4.000237	1.797729	-1.630924	-3.249952	
NA	100	100000.00	100000.00	100000.00	438	84.598814	16.957778	232.000000	194.496768	105.727273	49.313235	12.569161	NA	NA	NA	-2.709435	-5.256387	-4.655957	-3.576740	0.779969	-2.774421	-2.411829	
NA	100	100000.00	100000.00	100000.00	517	99.857505	24.827475	150.000000	297.879596	161.353535	87.854162	22.272933	NA	NA	NA	-2.549619	-1.524772	-2.304744	-4.667685	1.928248	-2.796358	-3.690404	
NA	100	100000.00	100000.00	100000.00	602	116.275083	55.182626	207.000000	344.130505	199.656566	94.556932	52.084313	NA	NA	NA	-1.784774	-2.381555	-2.407830	-4.247196	2.249896	-1.683569	-3.653553	
NA	100	100000.00	100000.00	100000.00	590	113.957307	61.014141	217.000000	317.652525	189.333333	89.290470	57.830757	NA	NA	NA	-1.577949	-2.758145	-2.523325	-3.848424	2.074728	-1.320017	-3.331824	
NA	100	100000.00	100000.00	100000.00	478	92.324734	37.978182	194.000000	230.021818	134.000000	67.985237	34.794063	NA	NA	NA	-1.996221	-3.334208	-3.101816	-3.548226	1.411719	-1.824725	-2.772591	
NA	100	100000.00	100000.00	100000.00	540	104.299908	39.421414	156.000000	304.538182	171.979798	91.923701	37.042259	NA	NA	NA	-2.111430	-1.507512	-2.056930	-4.340608	2.033004	-2.237295	-3.574750	
NA	100	100000.00	100000.00	100000.00	507	97.926025	43.773131	174.000000	269.580404	156.676768	79.715084	41.115440	NA	NA	NA	-1.876204	-2.357255	-2.444086	-3.935520	1.877970	-1.812480	-3.261264	
