Ratio_Missing:	nsam[0]:	Eff_length1_pop_outg[0]:	Eff_length2_pop_outg[0]:	Eff_length3_pop_outg[0]:	S[0]:	Theta(Wat)[0]:	Theta(Taj)[0]:	Theta(Fu&Li)[0]:	Theta(Fay&Wu)[0]:	Theta(Zeng)[0]:	Theta(Achaz,Wat)[0]:	Theta(Achaz,Taj)[0]:	Theta/nt(Taj)HKY[0]:	Divergence[0]:	Divergence/nt_HKY[0]:	TajimaD[0]:	Fu&LiD[0]:	Fu&LiF[0]:	Fay&WunormH[0]:	ZengE[0]:	AchazY[0]:	FerrettiL[0]:	
NA	100	100000.00	100000.00	100000.00	1258	242.980157	216.002424	263.000000	299.997576	258.000000	238.187714	215.043290	NA	NA	NA	-0.378431	-0.255726	-0.360130	-0.593132	0.195209	-0.365803	-0.440090	
NA	100	100000.00	100000.00	100000.00	1438	277.746793	282.603434	252.000000	259.679394	271.141414	283.910179	283.227994	NA	NA	NA	0.059622	0.288276	0.205381	0.141679	-0.075159	-0.009050	0.122081	
NA	100	100000.00	100000.00	100000.00	1390	268.475690	266.823434	284.000000	265.136162	265.979798	264.759408	266.472892	NA	NA	NA	-0.020982	-0.179737	-0.119221	0.010787	-0.029375	0.024371	0.023340	
NA	100	100000.00	100000.00	100000.00	1375	265.578470	254.032929	281.000000	273.744848	263.888889	261.886793	253.482581	NA	NA	NA	-0.148214	-0.180467	-0.189201	-0.127391	-0.020101	-0.120842	-0.057696	
NA	100	100000.00	100000.00	100000.00	1490	287.790488	306.827273	244.000000	297.920202	302.373737	298.273258	308.109462	NA	NA	NA	0.225570	0.473420	0.407032	0.053134	0.160173	0.124219	-0.066069	
NA	100	100000.00	100000.00	100000.00	1328	256.500515	287.030505	199.000000	234.807879	260.919192	270.265255	288.827046	NA	NA	NA	0.405754	0.696347	0.639298	0.349399	0.054418	0.258642	0.158655	
NA	100	100000.00	100000.00	100000.00	1364	263.453842	253.269697	256.000000	312.003030	282.636364	265.238178	253.213976	NA	NA	NA	-0.131789	0.087920	-0.019309	-0.382622	0.230043	-0.170714	-0.345753	
NA	100	100000.00	100000.00	100000.00	1301	251.285520	259.447475	229.000000	221.825253	240.636364	256.620331	260.068852	NA	NA	NA	0.110719	0.275400	0.225666	0.256919	-0.133856	0.050600	0.219914	
NA	100	100000.00	100000.00	100000.00	1237	238.924049	225.137576	220.000000	265.428081	245.282828	243.454176	225.242424	NA	NA	NA	-0.196663	0.245767	0.040030	-0.289324	0.084038	-0.281632	-0.208026	
NA	100	100000.00	100000.00	100000.00	1484	286.631600	300.135556	236.000000	279.440202	289.787879	298.752027	301.444444	NA	NA	NA	0.160656	0.549563	0.417175	0.123953	0.034806	0.033947	0.047093	
NA	100	100000.00	100000.00	100000.00	1536	296.675295	298.532121	255.000000	281.104242	289.818182	306.651720	299.420532	NA	NA	NA	0.021345	0.437233	0.273642	0.100859	-0.073070	-0.088831	0.098530	
NA	100	100000.00	100000.00	100000.00	1660	320.625644	354.939394	275.000000	332.939394	343.939394	331.547722	356.570810	NA	NA	NA	0.365049	0.443347	0.465215	0.117834	0.229959	0.284361	-0.072123	
NA	100	100000.00	100000.00	100000.00	1241	239.696641	226.976566	231.000000	269.427475	248.202020	241.778483	226.894455	NA	NA	NA	-0.180868	0.112585	-0.031249	-0.303859	0.112047	-0.231762	-0.232604	
NA	100	100000.00	100000.00	100000.00	1354	261.522363	246.231717	243.000000	234.232929	240.232323	265.956332	246.297671	NA	NA	NA	-0.199327	0.220066	0.023023	0.078742	-0.257192	-0.278353	0.195776	
NA	100	100000.00	100000.00	100000.00	1298	250.706076	239.863434	201.000000	262.964848	251.414141	262.604947	240.656566	NA	NA	NA	-0.147423	0.615656	0.288702	-0.158121	0.008921	-0.314729	-0.091719	
NA	100	100000.00	100000.00	100000.00	1304	251.864964	249.132727	233.000000	238.887475	244.010101	256.380946	249.461967	NA	NA	NA	-0.036979	0.232601	0.119297	0.069804	-0.098507	-0.101617	0.096652	
NA	100	100000.00	100000.00	100000.00	1493	288.369931	300.057778	232.000000	258.204848	279.131313	301.864027	301.446712	NA	NA	NA	0.138213	0.608208	0.440039	0.249167	-0.101268	-0.005208	0.196351	
NA	100	100000.00	100000.00	100000.00	1596	308.264173	310.249899	279.000000	337.972323	324.111111	315.269567	310.887652	NA	NA	NA	0.021970	0.295623	0.189103	-0.154422	0.162547	-0.052361	-0.180950	
NA	100	100000.00	100000.00	100000.00	1378	266.157914	262.028485	250.000000	246.314949	254.171717	270.025870	262.273964	NA	NA	NA	-0.052896	0.188678	0.084210	0.101330	-0.142290	-0.108112	0.139887	
NA	100	100000.00	100000.00	100000.00	1401	270.600317	342.064646	240.000000	269.935354	306.000000	277.925563	344.147598	NA	NA	NA	0.900434	0.351541	0.702904	0.457521	0.413373	0.897376	0.004611	
NA	100	100000.00	100000.00	100000.00	1308	252.637556	260.713535	195.000000	274.074343	267.393939	266.435101	262.054628	NA	NA	NA	0.108969	0.708519	0.484462	-0.090753	0.184496	-0.061913	-0.159169	
NA	100	100000.00	100000.00	100000.00	1442	278.519385	272.906263	277.000000	305.720000	289.313131	278.883102	272.822717	NA	NA	NA	-0.068719	0.016965	-0.027398	-0.202241	0.122477	-0.081843	-0.183287	
NA	100	100000.00	100000.00	100000.00	1431	276.394757	283.581818	277.000000	261.064646	272.323232	276.249871	283.716141	NA	NA	NA	0.088662	-0.006809	0.044385	0.139843	-0.046553	0.101788	0.104089	
NA	100	100000.00	100000.00	100000.00	1379	266.351062	262.027879	246.000000	265.002424	263.515152	271.222794	262.354978	NA	NA	NA	-0.055338	0.237472	0.112128	-0.019168	-0.033641	-0.123130	0.009501	
NA	100	100000.00	100000.00	100000.00	1338	258.431995	252.444848	264.000000	268.524848	260.484848	257.099100	252.209029	NA	NA	NA	-0.078978	-0.066934	-0.083294	-0.106783	0.025094	-0.071619	-0.073268	
NA	100	100000.00	100000.00	100000.00	1387	267.896246	253.654141	287.000000	292.527677	273.090909	263.323101	252.973614	NA	NA	NA	-0.181253	-0.221650	-0.231947	-0.249058	0.061269	-0.148003	-0.172524	
NA	100	100000.00	100000.00	100000.00	1378	266.157914	237.848687	268.000000	248.474545	243.161616	265.716947	237.233354	NA	NA	NA	-0.362626	-0.021510	-0.211085	-0.068522	-0.272992	-0.403670	0.124663	
NA	100	100000.00	100000.00	100000.00	1364	263.453842	283.447071	264.000000	255.441818	269.444444	263.323101	283.843950	NA	NA	NA	0.258724	-0.006442	0.137532	0.182442	0.071841	0.293459	0.057059	
NA	100	100000.00	100000.00	100000.00	1366	263.840138	266.570303	260.000000	246.702424	256.636364	264.759408	266.704391	NA	NA	NA	0.035278	0.045230	0.046399	0.129242	-0.086264	0.027664	0.121872	
NA	100	100000.00	100000.00	100000.00	1594	307.877877	344.291717	280.000000	270.859798	307.575758	314.551413	345.603793	NA	NA	NA	0.403391	0.281968	0.389535	0.409548	-0.003103	0.371903	0.225756	
NA	100	100000.00	100000.00	100000.00	1526	294.743815	280.593737	370.000000	289.002222	284.797980	276.728640	278.769120	NA	NA	NA	-0.163721	-0.794650	-0.565662	-0.048980	-0.106674	0.027770	0.036569	
NA	100	100000.00	100000.00	100000.00	1291	249.354040	261.208283	249.000000	290.003838	275.606061	249.438792	261.457431	NA	NA	NA	0.162048	0.004409	0.091178	-0.198161	0.332520	0.181413	-0.305779	
NA	100	100000.00	100000.00	100000.00	1473	284.506972	276.526061	296.000000	235.271919	255.898990	281.755718	276.128633	NA	NA	NA	-0.095655	-0.125666	-0.127609	0.248927	-0.317819	-0.075219	0.324812	
NA	100	100000.00	100000.00	100000.00	1456	281.223456	298.736364	243.000000	278.617172	288.676768	290.373564	299.873840	NA	NA	NA	0.212346	0.422753	0.369460	0.122812	0.083764	0.123233	0.017394	
NA	100	100000.00	100000.00	100000.00	1287	248.581448	252.479394	237.000000	254.167071	253.323232	251.353869	252.795300	NA	NA	NA	0.053450	0.144654	0.115965	-0.011650	0.060247	0.021592	-0.042146	
NA	100	100000.00	100000.00	100000.00	1491	287.983636	283.924646	321.000000	269.550101	276.737374	280.080025	283.168007	NA	NA	NA	-0.048063	-0.356704	-0.240036	0.085692	-0.123439	0.041524	0.120148	
NA	100	100000.00	100000.00	100000.00	1526	294.743815	313.091111	222.000000	280.666465	296.878788	312.157566	314.950113	NA	NA	NA	0.212284	0.768122	0.576322	0.188875	0.022899	0.033701	0.089660	
NA	100	100000.00	100000.00	100000.00	1273	245.877376	231.787273	310.000000	228.273333	230.030303	230.527405	230.191095	NA	NA	NA	-0.195328	-0.809576	-0.592324	0.024522	-0.203547	-0.005492	0.134285	
NA	100	100000.00	100000.00	100000.00	1575	304.208066	314.797980	226.000000	319.828283	317.313131	322.929875	316.610183	NA	NA	NA	0.118726	0.800450	0.544459	-0.028393	0.136207	-0.073729	-0.096405	
NA	100	100000.00	100000.00	100000.00	1485	286.824748	257.135354	279.000000	243.874747	250.505051	288.697872	256.689136	NA	NA	NA	-0.352975	0.084875	-0.142125	0.079370	-0.400248	-0.417605	0.281069	
NA	100	100000.00	100000.00	100000.00	1418	273.883833	269.108283	252.000000	327.618990	298.363636	279.122487	269.457431	NA	NA	NA	-0.059451	0.248432	0.116421	-0.366702	0.282449	-0.130411	-0.368184	
NA	100	100000.00	100000.00	100000.00	1475	284.893268	277.961212	236.000000	351.291313	314.626263	296.597565	278.817563	NA	NA	NA	-0.082972	0.533889	0.274593	-0.441874	0.329872	-0.225805	-0.437448	
NA	100	100000.00	100000.00	100000.00	1513	292.232891	317.499394	280.000000	349.975354	333.737374	295.161257	318.264688	NA	NA	NA	0.294847	0.130266	0.239277	-0.190794	0.448963	0.294836	-0.370912	
NA	100	100000.00	100000.00	100000.00	1432	276.587905	293.399596	287.000000	300.701414	297.050505	274.095409	293.530200	NA	NA	NA	0.207250	-0.117062	0.043126	-0.045316	0.233803	0.267032	-0.163614	
NA	100	100000.00	100000.00	100000.00	1278	246.843116	258.471111	271.000000	250.538990	254.505051	241.060329	258.215420	NA	NA	NA	0.160567	-0.303816	-0.094516	0.055139	0.098031	0.267918	-0.028083	
NA	100	100000.00	100000.00	100000.00	1440	278.133089	278.548081	266.000000	296.502424	287.525253	281.037564	278.804164	NA	NA	NA	0.005088	0.135663	0.084095	-0.110811	0.106720	-0.029931	-0.123950	
NA	100	100000.00	100000.00	100000.00	1273	245.877376	222.723434	275.000000	288.003838	255.363636	238.905868	221.656566	NA	NA	NA	-0.320978	-0.367686	-0.395903	-0.455565	0.121846	-0.271812	-0.321343	
NA	100	100000.00	100000.00	100000.00	1425	275.235869	280.403232	275.000000	291.637172	286.020202	275.292332	280.513502	NA	NA	NA	0.064014	0.002665	0.036589	-0.070061	0.123822	0.071427	-0.111829	
NA	100	100000.00	100000.00	100000.00	1377	265.964766	253.238788	317.000000	245.064242	249.151515	253.747715	251.937539	NA	NA	NA	-0.163131	-0.596372	-0.446705	0.052752	-0.199737	-0.026861	0.147449	
NA	100	100000.00	100000.00	100000.00	1391	268.668838	269.352525	272.000000	276.445455	272.898990	267.871409	269.298495	NA	NA	NA	0.008676	-0.038540	-0.018363	-0.045313	0.049750	0.020062	-0.054313	
NA	100	100000.00	100000.00	100000.00	1482	286.245304	284.085455	299.000000	326.641818	305.363636	283.192025	283.781076	NA	NA	NA	-0.025730	-0.138626	-0.097143	-0.255230	0.211111	0.007834	-0.264892	
NA	100	100000.00	100000.00	100000.00	1160	224.051655	234.214343	200.000000	233.240202	233.727273	229.809251	234.912595	NA	NA	NA	0.154561	0.332744	0.284112	0.007458	0.136306	0.083591	-0.076878	
NA	100	100000.00	100000.00	100000.00	1211	233.902202	242.333131	224.000000	251.747677	247.040404	236.272637	242.707277	NA	NA	NA	0.122840	0.131317	0.145884	-0.069051	0.177339	0.102523	-0.143056	
NA	100	100000.00	100000.00	100000.00	1194	230.618686	217.928081	242.000000	284.455758	251.191919	227.894174	217.436817	NA	NA	NA	-0.187529	-0.153045	-0.194252	-0.494871	0.281626	-0.172724	-0.437689	
NA	100	100000.00	100000.00	100000.00	1371	264.805878	277.918586	247.000000	277.535960	277.727273	269.068332	278.549577	NA	NA	NA	0.168822	0.208968	0.217553	0.002480	0.154171	0.132699	-0.090199	
NA	100	100000.00	100000.00	100000.00	1219	235.447385	238.068687	198.000000	273.567677	255.818182	244.411714	238.886415	NA	NA	NA	0.037943	0.493396	0.316769	-0.258666	0.273171	-0.085111	-0.303593	
NA	100	100000.00	100000.00	100000.00	1306	252.251260	207.641010	291.000000	240.177172	223.909091	242.975406	205.939806	NA	NA	NA	-0.602842	-0.477044	-0.615483	-0.221339	-0.354895	-0.573855	0.089787	
NA	100	100000.00	100000.00	100000.00	1431	276.394757	302.093737	248.000000	259.684040	280.888889	283.192025	303.197691	NA	NA	NA	0.317031	0.319458	0.364787	0.263386	0.051385	0.266068	0.113464	
NA	100	100000.00	100000.00	100000.00	1452	280.450864	285.121616	264.000000	328.736970	306.929293	284.388949	285.552670	NA	NA	NA	0.056789	0.182442	0.140392	-0.266968	0.298393	0.015412	-0.323137	
NA	100	100000.00	100000.00	100000.00	1422	274.656425	259.881616	318.000000	296.522424	278.202020	264.280639	258.695527	NA	NA	NA	-0.183418	-0.490685	-0.394388	-0.228994	0.040795	-0.079581	-0.149402	
NA	100	100000.00	100000.00	100000.00	1262	243.752749	237.522828	279.000000	230.113535	233.818182	235.315098	236.676355	NA	NA	NA	-0.087114	-0.448830	-0.316830	0.052156	-0.128710	0.021777	0.104943	
NA	100	100000.00	100000.00	100000.00	1325	255.921071	266.198182	244.000000	239.316970	252.757576	258.774792	266.651206	NA	NA	NA	0.136895	0.144690	0.161570	0.180256	-0.039048	0.114611	0.121712	
NA	100	100000.00	100000.00	100000.00	1538	297.061590	303.653737	241.000000	290.245253	296.949495	310.481874	304.932385	NA	NA	NA	0.075680	0.587410	0.393332	0.077497	-0.001193	-0.067333	0.043077	
NA	100	100000.00	100000.00	100000.00	1465	282.961788	277.350909	255.000000	313.376364	295.363636	289.655411	277.807050	NA	NA	NA	-0.067616	0.307384	0.147254	-0.218560	0.138526	-0.154071	-0.201741	
NA	100	100000.00	100000.00	100000.00	1330	256.886811	237.866061	242.000000	253.992525	245.929293	260.450485	237.781694	NA	NA	NA	-0.252413	0.180016	-0.029977	-0.107733	-0.134746	-0.327741	0.021136	
NA	100	100000.00	100000.00	100000.00	1440	278.133089	309.627071	313.000000	292.393131	301.010101	269.786486	309.558235	NA	NA	NA	0.386099	-0.389856	-0.022605	0.106365	0.259945	0.555166	-0.096222	
NA	100	100000.00	100000.00	100000.00	1388	268.089394	248.412525	310.000000	277.001616	262.707071	258.056639	247.155638	NA	NA	NA	-0.250239	-0.485920	-0.428084	-0.183036	-0.063436	-0.159063	-0.062378	
NA	100	100000.00	100000.00	100000.00	1395	269.441430	236.022828	313.000000	300.926667	268.474747	259.014177	234.451866	NA	NA	NA	-0.422873	-0.502529	-0.532392	-0.413455	-0.011337	-0.357082	-0.219270	
NA	100	100000.00	100000.00	100000.00	1181	228.107762	223.252929	252.000000	234.767273	229.010101	222.388328	222.666254	NA	NA	NA	-0.072527	-0.324758	-0.234508	-0.086589	0.012487	0.004704	-0.054734	
NA	100	100000.00	100000.00	100000.00	1390	268.475690	281.006061	263.000000	304.206061	292.606061	269.786486	281.373531	NA	NA	NA	0.159126	0.063396	0.124979	-0.148320	0.283995	0.161741	-0.249725	
NA	100	100000.00	100000.00	100000.00	1430	276.201609	278.827879	256.000000	284.485253	281.656566	281.037564	279.293754	NA	NA	NA	0.032421	0.227437	0.154049	-0.035160	0.062414	-0.023369	-0.056284	
NA	100	100000.00	100000.00	100000.00	1415	273.304389	279.186869	230.000000	218.489899	248.838384	283.670795	280.190682	NA	NA	NA	0.073387	0.492633	0.335418	0.381208	-0.282885	-0.046206	0.376371	
NA	100	100000.00	100000.00	100000.00	1405	271.372909	259.847071	279.000000	264.819596	262.333333	269.547101	259.456195	NA	NA	NA	-0.144811	-0.087375	-0.131531	-0.031452	-0.105259	-0.140982	0.045316	
NA	100	100000.00	100000.00	100000.00	1290	249.160892	249.261616	224.000000	251.405051	250.333333	255.184023	249.777159	NA	NA	NA	0.001378	0.313544	0.188813	-0.014762	0.014862	-0.079780	-0.016894	
NA	100	100000.00	100000.00	100000.00	1503	290.301411	307.809091	365.000000	244.776768	276.292929	272.419717	306.641929	NA	NA	NA	0.205661	-0.800674	-0.367335	0.372767	-0.152536	0.473095	0.294367	
NA	100	100000.00	100000.00	100000.00	1438	277.746793	290.669697	215.000000	291.774747	291.222222	292.767411	292.213976	NA	NA	NA	0.158647	0.702550	0.507822	-0.006830	0.153329	-0.007120	-0.094787	
NA	100	100000.00	100000.00	100000.00	1434	276.974201	277.696162	290.000000	281.818990	279.757576	273.856025	277.445063	NA	NA	NA	0.008888	-0.146246	-0.082800	-0.025551	0.031758	0.049356	-0.032827	
NA	100	100000.00	100000.00	100000.00	1338	258.431995	257.438182	252.000000	261.814343	259.626263	259.971716	257.549165	NA	NA	NA	-0.013110	0.077320	0.039201	-0.029061	0.014599	-0.035089	-0.024554	
NA	100	100000.00	100000.00	100000.00	1406	271.566057	298.792323	198.000000	266.338990	282.565657	289.176641	300.849309	NA	NA	NA	0.341828	0.842173	0.691693	0.205124	0.127991	0.152037	0.036119	
NA	100	100000.00	100000.00	100000.00	1576	304.401214	328.936162	245.000000	297.043636	312.989899	318.620952	330.649145	NA	NA	NA	0.274894	0.607583	0.514325	0.179898	0.089210	0.142221	0.045381	
NA	100	100000.00	100000.00	100000.00	1306	252.251260	272.072323	232.000000	245.422626	258.747475	257.099100	272.890126	NA	NA	NA	0.267853	0.249318	0.295875	0.181294	0.081344	0.231272	0.050780	
NA	100	100000.00	100000.00	100000.00	1369	264.419582	284.977172	270.000000	250.477374	267.727273	263.083716	285.282828	NA	NA	NA	0.265058	-0.065586	0.105537	0.223933	0.039523	0.317747	0.098932	
NA	100	100000.00	100000.00	100000.00	1481	286.052156	253.511919	312.000000	304.427475	278.969697	279.840640	252.318285	NA	NA	NA	-0.387911	-0.282205	-0.381205	-0.305569	-0.078259	-0.370410	-0.120573	
NA	100	100000.00	100000.00	100000.00	1457	281.416604	296.350505	304.000000	253.851515	275.101010	276.010486	296.194393	NA	NA	NA	0.180951	-0.249604	-0.050672	0.259245	-0.070929	0.275406	0.183839	
NA	100	100000.00	100000.00	100000.00	1360	262.681250	279.441010	251.000000	247.447879	263.444444	265.477562	280.021439	NA	NA	NA	0.217517	0.138183	0.201725	0.209032	0.009179	0.206301	0.108805	
NA	100	100000.00	100000.00	100000.00	1432	276.587905	262.649697	276.000000	293.996768	278.323232	276.728640	262.377242	NA	NA	NA	-0.171827	0.006610	-0.089967	-0.194546	0.019828	-0.195315	-0.118122	
NA	100	100000.00	100000.00	100000.00	1275	246.263672	242.242222	211.000000	311.070909	276.656566	254.705254	242.879819	NA	NA	NA	-0.055661	0.444531	0.236237	-0.479577	0.389772	-0.174816	-0.493583	
NA	100	100000.00	100000.00	100000.00	1372	264.999026	260.478990	282.000000	305.763434	283.121212	260.929254	260.039786	NA	NA	NA	-0.058152	-0.199378	-0.151319	-0.293294	0.216067	-0.012836	-0.288628	
NA	100	100000.00	100000.00	100000.00	1429	276.008461	280.576162	268.000000	275.545051	278.060606	277.925563	280.832818	NA	NA	NA	0.056427	0.090224	0.084926	0.031289	0.023496	0.039396	0.003151	
NA	100	100000.00	100000.00	100000.00	1557	300.731402	298.783434	319.000000	306.751919	302.767677	296.358180	298.370851	NA	NA	NA	-0.022091	-0.189111	-0.125379	-0.045495	0.021407	0.025581	-0.037585	
NA	100	100000.00	100000.00	100000.00	1243	240.082937	245.627677	269.000000	219.483434	232.555556	233.160636	245.150691	NA	NA	NA	0.078715	-0.373763	-0.181238	0.186837	-0.099005	0.193579	0.160906	
NA	100	100000.00	100000.00	100000.00	1410	272.338649	279.234545	183.000000	286.846263	283.040404	293.724949	281.198516	NA	NA	NA	0.086334	1.019875	0.658557	-0.047974	0.124174	-0.160637	-0.099965	
NA	100	100000.00	100000.00	100000.00	1373	265.192174	242.040000	263.000000	271.576162	256.808081	265.716947	241.612245	NA	NA	NA	-0.297644	0.025690	-0.147268	-0.191158	-0.099889	-0.341612	-0.045168	
NA	100	100000.00	100000.00	100000.00	1388	268.089394	313.151717	253.000000	282.100808	297.626263	271.701563	314.379303	NA	NA	NA	0.573078	0.174950	0.418105	0.198797	0.348124	0.591541	-0.098068	
NA	100	100000.00	100000.00	100000.00	1554	300.151958	313.431919	227.000000	283.456970	298.444444	317.663413	315.195836	NA	NA	NA	0.150892	0.758691	0.537062	0.171468	-0.017986	-0.029264	0.104424	
NA	100	100000.00	100000.00	100000.00	1455	281.030308	265.789697	387.000000	248.412323	257.101010	255.662792	263.316017	NA	NA	NA	-0.184921	-1.172825	-0.804015	0.106148	-0.269113	0.112715	0.217836	
NA	100	100000.00	100000.00	100000.00	1403	270.986613	305.496566	177.000000	243.230707	274.363636	293.485565	308.118945	NA	NA	NA	0.434199	1.078213	0.883686	0.394396	0.039379	0.187809	0.192202	
NA	100	100000.00	100000.00	100000.00	1295	250.126632	251.531515	205.000000	267.276566	259.404040	260.929254	252.481138	NA	NA	NA	0.019146	0.560211	0.346460	-0.108018	0.117151	-0.121918	-0.128610	
NA	100	100000.00	100000.00	100000.00	1348	260.363475	258.905859	253.000000	275.235556	267.070707	262.126177	259.026386	NA	NA	NA	-0.019086	0.087870	0.042259	-0.107639	0.081385	-0.044530	-0.107165	
NA	100	100000.00	100000.00	100000.00	1429	276.008461	303.561010	261.000000	267.287475	285.424242	279.601256	304.429602	NA	NA	NA	0.340372	0.169087	0.287413	0.225592	0.107808	0.334438	0.059297	
